mpc.version = '2';
mpc.baseMVA = 100.0;
mpc.baseKG=17286;
mpc.frequency1=50;
mpc.rocof1=1;
mpc.deltaf=1;


%% bus data
%	bus_i	type		Pd		Qd		  Gs	 Bs	   area		Vm	   Va		   baseKV	zone	  Vmax			 Vmin
mpc.bus = [
% Slack bus (largest generator: 4937 with 4476.97 MW)
	4937	3		0.0		0.0		0.0		0.0		1		1.0		0		380.0		1		1.10000		0.90000;

% PV buses (all other generator buses)
	1517	2		0.0		0.0		0.0		0.0		1		1.0		0		380.0		1		1.10000		0.90000;
	1523	2		0.0		0.0		0.0		0.0		1		1.0		0		380.0		1		1.10000		0.90000;
	1524	2		0.0		0.0		0.0		0.0		1		1.0		0		380.0		1		1.10000		0.90000;
	1535	2		0.0		0.0		0.0		0.0		1		1.0		0		380.0		1		1.10000		0.90000;
	1544	2		0.0		0.0		0.0		0.0		1		1.0		0		380.0		1		1.10000		0.90000;
	1547	2		0.0		0.0		0.0		0.0		1		1.0		0		380.0		1		1.10000		0.90000;
	1555	2		0.0		0.0		0.0		0.0		1		1.0		0		380.0		1		1.10000		0.90000;
	1559	2		0.0		0.0		0.0		0.0		1		1.0		0		380.0		1		1.10000		0.90000;
	1569	2		0.0		0.0		0.0		0.0		1		1.0		0		380.0		1		1.10000		0.90000;
	1571	2		0.0		0.0		0.0		0.0		1		1.0		0		380.0		1		1.10000		0.90000;
	1603	2		0.0		0.0		0.0		0.0		1		1.0		0		380.0		1		1.10000		0.90000;
	2457	2		0.0		0.0		0.0		0.0		1		1.0		0		380.0		1		1.10000		0.90000;
	2458	2		0.0		0.0		0.0		0.0		1		1.0		0		380.0		1		1.10000		0.90000;
	2460	2		0.0		0.0		0.0		0.0		1		1.0		0		380.0		1		1.10000		0.90000;
	4914	2		0.0		0.0		0.0		0.0		1		1.0		0		380.0		1		1.10000		0.90000;
	4915	2		0.0		0.0		0.0		0.0		1		1.0		0		380.0		1		1.10000		0.90000;
	4916	2		0.0		0.0		0.0		0.0		1		1.0		0		380.0		1		1.10000		0.90000;
	4917	2		0.0		0.0		0.0		0.0		1		1.0		0		380.0		1		1.10000		0.90000;
	4918	2		0.0		0.0		0.0		0.0		1		1.0		0		380.0		1		1.10000		0.90000;
	4919	2		0.0		0.0		0.0		0.0		1		1.0		0		380.0		1		1.10000		0.90000;
	4920	2		0.0		0.0		0.0		0.0		1		1.0		0		380.0		1		1.10000		0.90000;
	4921	2		0.0		0.0		0.0		0.0		1		1.0		0		380.0		1		1.10000		0.90000;
	4922	2		0.0		0.0		0.0		0.0		1		1.0		0		380.0		1		1.10000		0.90000;
	4923	2		0.0		0.0		0.0		0.0		1		1.0		0		380.0		1		1.10000		0.90000;
	4924	2		0.0		0.0		0.0		0.0		1		1.0		0		380.0		1		1.10000		0.90000;
	4925	2		0.0		0.0		0.0		0.0		1		1.0		0		380.0		1		1.10000		0.90000;
	4926	2		0.0		0.0		0.0		0.0		1		1.0		0		380.0		1		1.10000		0.90000;
	4927	2		0.0		0.0		0.0		0.0		1		1.0		0		380.0		1		1.10000		0.90000;
	4928	2		0.0		0.0		0.0		0.0		1		1.0		0		380.0		1		1.10000		0.90000;
	4929	2		0.0		0.0		0.0		0.0		1		1.0		0		380.0		1		1.10000		0.90000;
	4930	2		0.0		0.0		0.0		0.0		1		1.0		0		380.0		1		1.10000		0.90000;
	4931	2		0.0		0.0		0.0		0.0		1		1.0		0		380.0		1		1.10000		0.90000;
	4932	2		0.0		0.0		0.0		0.0		1		1.0		0		380.0		1		1.10000		0.90000;
	4933	2		0.0		0.0		0.0		0.0		1		1.0		0		380.0		1		1.10000		0.90000;
	4934	2		0.0		0.0		0.0		0.0		1		1.0		0		380.0		1		1.10000		0.90000;
	4935	2		0.0		0.0		0.0		0.0		1		1.0		0		380.0		1		1.10000		0.90000;
	4936	2		0.0		0.0		0.0		0.0		1		1.0		0		380.0		1		1.10000		0.90000;
	4938	2		0.0		0.0		0.0		0.0		1		1.0		0		380.0		1		1.10000		0.90000;
	4939	2		0.0		0.0		0.0		0.0		1		1.0		0		380.0		1		1.10000		0.90000;
	4940	2		0.0		0.0		0.0		0.0		1		1.0		0		380.0		1		1.10000		0.90000;
	4941	2		0.0		0.0		0.0		0.0		1		1.0		0		380.0		1		1.10000		0.90000;
	5476	2		0.0		0.0		0.0		0.0		1		1.0		0		380.0		1		1.10000		0.90000;
	5477	2		0.0		0.0		0.0		0.0		1		1.0		0		380.0		1		1.10000		0.90000;
	5478	2		0.0		0.0		0.0		0.0		1		1.0		0		380.0		1		1.10000		0.90000;
	5479	2		0.0		0.0		0.0		0.0		1		1.0		0		380.0		1		1.10000		0.90000;
	5480	2		0.0		0.0		0.0		0.0		1		1.0		0		380.0		1		1.10000		0.90000;
	5481	2		0.0		0.0		0.0		0.0		1		1.0		0		380.0		1		1.10000		0.90000;
	5483	2		0.0		0.0		0.0		0.0		1		1.0		0		380.0		1		1.10000		0.90000;
	5484	2		0.0		0.0		0.0		0.0		1		1.0		0		380.0		1		1.10000		0.90000;
	5485	2		0.0		0.0		0.0		0.0		1		1.0		0		380.0		1		1.10000		0.90000;
	5486	2		0.0		0.0		0.0		0.0		1		1.0		0		380.0		1		1.10000		0.90000;
	5487	2		0.0		0.0		0.0		0.0		1		1.0		0		380.0		1		1.10000		0.90000;
	5488	2		0.0		0.0		0.0		0.0		1		1.0		0		380.0		1		1.10000		0.90000;
	5489	2		0.0		0.0		0.0		0.0		1		1.0		0		380.0		1		1.10000		0.90000;
	5490	2		0.0		0.0		0.0		0.0		1		1.0		0		380.0		1		1.10000		0.90000;
	5493	2		0.0		0.0		0.0		0.0		1		1.0		0		380.0		1		1.10000		0.90000;
	5497	2		0.0		0.0		0.0		0.0		1		1.0		0		380.0		1		1.10000		0.90000;
    1519	2	0	0	0	0	1	1	0	380	1	1.1	0.9	;
    1520	2	0	0	0	0	1	1	0	380	1	1.1	0.9	;
    1522	2	0	0	0	0	1	1	0	380	1	1.1	0.9	;
    1525	2	0	0	0	0	1	1	0	380	1	1.1	0.9	;
    1526	2	0	0	0	0	1	1	0	380	1	1.1	0.9	;
    1527	2	0	0	0	0	1	1	0	380	1	1.1	0.9	;
    1528	2	0	0	0	0	1	1	0	380	1	1.1	0.9	;
    1529	2	0	0	0	0	1	1	0	380	1	1.1	0.9	;
    1530	2	0	0	0	0	1	1	0	380	1	1.1	0.9	;
    1531	2	0	0	0	0	1	1	0	380	1	1.1	0.9	;
    1532	2	0	0	0	0	1	1	0	380	1	1.1	0.9	;
    1533	2	0	0	0	0	1	1	0	380	1	1.1	0.9	;
    1534	2	0	0	0	0	1	1	0	380	1	1.1	0.9	;
    1536	2	0	0	0	0	1	1	0	380	1	1.1	0.9	;
    1537	2	0	0	0	0	1	1	0	380	1	1.1	0.9	;
    1540	2	0	0	0	0	1	1	0	380	1	1.1	0.9	;
    1541	2	0	0	0	0	1	1	0	380	1	1.1	0.9	;
    1542	2	0	0	0	0	1	1	0	380	1	1.1	0.9	;
    1546	2	0	0	0	0	1	1	0	380	1	1.1	0.9	;
    1548	2	0	0	0	0	1	1	0	380	1	1.1	0.9	;
    1549	2	0	0	0	0	1	1	0	380	1	1.1	0.9	;
    1550	2	0	0	0	0	1	1	0	380	1	1.1	0.9	;
    1551	2	0	0	0	0	1	1	0	380	1	1.1	0.9	;
    1552	2	0	0	0	0	1	1	0	380	1	1.1	0.9	;
    1553	2	0	0	0	0	1	1	0	380	1	1.1	0.9	;
    1554	2	0	0	0	0	1	1	0	380	1	1.1	0.9	;
    1556	2	0	0	0	0	1	1	0	380	1	1.1	0.9	;
    1557	2	0	0	0	0	1	1	0	380	1	1.1	0.9	;
    1558	2	0	0	0	0	1	1	0	380	1	1.1	0.9	;
    1560	2	0	0	0	0	1	1	0	380	1	1.1	0.9	;
    1561	2	0	0	0	0	1	1	0	380	1	1.1	0.9	;
    1562	2	0	0	0	0	1	1	0	380	1	1.1	0.9	;
    1563	2	0	0	0	0	1	1	0	380	1	1.1	0.9	;
    1564	2	0	0	0	0	1	1	0	380	1	1.1	0.9	;
    1565	2	0	0	0	0	1	1	0	380	1	1.1	0.9	;
    1568	2	0	0	0	0	1	1	0	380	1	1.1	0.9	;
    1570	2	0	0	0	0	1	1	0	380	1	1.1	0.9	;
    1572	2	0	0	0	0	1	1	0	380	1	1.1	0.9	;
    1573	2	0	0	0	0	1	1	0	380	1	1.1	0.9	;
    1574	2	0	0	0	0	1	1	0	380	1	1.1	0.9	;
    1575	2	0	0	0	0	1	1	0	380	1	1.1	0.9	;
    1576	2	0	0	0	0	1	1	0	380	1	1.1	0.9	;
    1577	2	0	0	0	0	1	1	0	380	1	1.1	0.9	;
    1578	2	0	0	0	0	1	1	0	380	1	1.1	0.9	;
    1579	2	0	0	0	0	1	1	0	380	1	1.1	0.9	;
    1580	2	0	0	0	0	1	1	0	380	1	1.1	0.9	;
    1581	2	0	0	0	0	1	1	0	380	1	1.1	0.9	;
    1582	2	0	0	0	0	1	1	0	380	1	1.1	0.9	;
    1583	2	0	0	0	0	1	1	0	380	1	1.1	0.9	;
    1584	2	0	0	0	0	1	1	0	380	1	1.1	0.9	;
    1586	2	0	0	0	0	1	1	0	380	1	1.1	0.9	;
    1589	2	0	0	0	0	1	1	0	380	1	1.1	0.9	;
    1590	2	0	0	0	0	1	1	0	380	1	1.1	0.9	;
    1591	2	0	0	0	0	1	1	0	380	1	1.1	0.9	;
    1592	2	0	0	0	0	1	1	0	380	1	1.1	0.9	;
    1593	2	0	0	0	0	1	1	0	380	1	1.1	0.9	;
    1594	2	0	0	0	0	1	1	0	380	1	1.1	0.9	;
    1595	2	0	0	0	0	1	1	0	380	1	1.1	0.9	;
    1596	2	0	0	0	0	1	1	0	380	1	1.1	0.9	;
    1597	2	0	0	0	0	1	1	0	380	1	1.1	0.9	;
    1598	2	0	0	0	0	1	1	0	380	1	1.1	0.9	;
    1600	2	0	0	0	0	1	1	0	380	1	1.1	0.9	;
    1601	2	0	0	0	0	1	1	0	380	1	1.1	0.9	;
    1602	2	0	0	0	0	1	1	0	380	1	1.1	0.9	;
    1604	2	0	0	0	0	1	1	0	380	1	1.1	0.9	;
    1605	2	0	0	0	0	1	1	0	380	1	1.1	0.9	;
    1606	2	0	0	0	0	1	1	0	380	1	1.1	0.9	;
    1610	2	0	0	0	0	1	1	0	380	1	1.1	0.9	;
    2456	2	0	0	0	0	1	1	0	380	1	1.1	0.9	;
    2459	2	0	0	0	0	1	1	0	380	1	1.1	0.9	;
    2461	2	0	0	0	0	1	1	0	380	1	1.1	0.9	;
    4913	2	0	0	0	0	1	1	0	380	1	1.1	0.9	;
    5475	2	0	0	0	0	1	1	0	380	1	1.1	0.9	;
    5482	2	0	0	0	0	1	1	0	380	1	1.1	0.9	;
    5491	2	0	0	0	0	1	1	0	380	1	1.1	0.9	;
    5492	2	0	0	0	0	1	1	0	380	1	1.1	0.9	;
    5494	2	0	0	0	0	1	1	0	380	1	1.1	0.9	;
    5495	2	0	0	0	0	1	1	0	380	1	1.1	0.9	;
    5496	2	0	0	0	0	1	1	0	380	1	1.1	0.9	;
    1609	2	0	0	0	0	1	1	0	380	1	1.1	0.9	;
    1517	2	0	0	0	0	1	1	0	380	1	1.1	0.9	;
    1524	2	0	0	0	0	1	1	0	380	1	1.1	0.9	;
    1539	2	0	0	0	0	1	1	0	380	1	1.1	0.9	;
    1543	2	0	0	0	0	1	1	0	380	1	1.1	0.9	;
    1555	2	0	0	0	0	1	1	0	380	1	1.1	0.9	;
    1585	2	0	0	0	0	1	1	0	380	1	1.1	0.9	;
    1587	2	0	0	0	0	1	1	0	380	1	1.1	0.9	;
